# Onda Corporation
# Hydrophone Calibration Data
# 
Calibration_DATE	27-Aug-2024
# 
# Hydrophone description
HYD_MFG	Onda
HYD_MODEL	HNR
HYD_APERTURE_NOM_UM	0500
HYD_SN	2439
HYD_POLARITY	Positive
# 
# External preamplifier description
AMP_MFG	NONE
AMP_MODEL	NONE
AMP_SN	NONE
AMP_GAIN_NOM_DB	NONE
AMP_BW_MHZ	NONE
AMP_OUTPUT_IMP_NOM_OHMS	NONE
# 
# Cable/adaptor between hydrophone and preamplifier
CA_BWT_HYD_AMP	NONE 
# 
# Environment
ELECTRICAL_LOAD	OpenCircuit
WATER_TEMP_DEGC	23.5
WATER_RESISTIVITY_MOHMS-CM	4.5
#
# Calibration data
# Freq(MHz) Sens(dB re. 1V/uPa) Sens(V/Pa) Sens(V^2cm^2/W) Cap(pF)
#
DATA_FIELDS	5
DATA_FIELD	FREQ_MHz
DATA_FIELD	SENS_DB
DATA_FIELD	SENS_VPERPA
DATA_FIELD	SENS_V2CM2PERW
DATA_FIELD	CAP_PF
# End of file header
HEADER_END	0
 0.250	  0	  1.300E-007	0	0
 0.300	  0	  1.410E-007	0	0
 0.350	  0	  1.510E-007	0	0
 0.400	  0	  1.600E-007	0	0
 0.450	  0	  1.670E-007	0	0
 0.500	  0	  1.700E-007	0	0
 0.550	  0	  1.700E-007	0	0
 0.600	  0	  1.680E-007	0	0
 0.650	  0	  1.650E-007	0	0
 0.700	  0	  1.610E-007	0	0
 0.750	  0	  1.550E-007	0	0
 0.800	  0	  1.500E-007	0	0
 0.850	  0	  1.450E-007	0	0
 0.900	  0	  1.400E-007	0	0
 0.950	  0	  1.340E-007	0	0
 1.000	  0	  1.280E-007	0	0
 1.050	 -254.04	  1.986E-007	5.918E-004	    190.898
 1.100	 -254.48	  1.888E-007	5.348E-004	    190.814
 1.150	 -254.52	  1.879E-007	5.294E-004	    190.734
 1.200	 -254.74	  1.832E-007	5.033E-004	    190.657
 1.250	 -254.69	  1.843E-007	5.094E-004	    190.585
 1.300	 -254.48	  1.889E-007	5.352E-004	    190.516
 1.350	 -254.56	  1.871E-007	5.249E-004	    190.451
 1.400	 -254.40	  1.905E-007	5.442E-004	    190.389
 1.450	 -254.23	  1.943E-007	5.666E-004	    190.332
 1.500	 -254.17	  1.956E-007	5.741E-004	    190.277
 1.550	 -254.09	  1.975E-007	5.852E-004	    190.226
 1.600	 -254.04	  1.985E-007	5.910E-004	    190.179
 1.650	 -254.16	  1.959E-007	5.756E-004	    190.135
 1.700	 -254.10	  1.973E-007	5.837E-004	    190.095
 1.750	 -254.04	  1.986E-007	5.916E-004	    190.058
 1.800	 -254.09	  1.974E-007	5.847E-004	    190.024
 1.850	 -253.98	  1.999E-007	5.993E-004	    189.993
 1.900	 -253.83	  2.035E-007	6.212E-004	    189.966
 1.950	 -254.07	  1.979E-007	5.875E-004	    189.942
 2.000	 -254.89	  1.801E-007	4.866E-004	    189.922
 2.050	 -255.67	  1.646E-007	4.063E-004	    189.902
 2.100	 -255.43	  1.693E-007	4.300E-004	    189.888
 2.150	 -254.82	  1.816E-007	4.948E-004	    189.876
 2.200	 -254.38	  1.910E-007	5.472E-004	    189.867
 2.250	 -254.18	  1.955E-007	5.733E-004	    189.861
 2.300	 -254.16	  1.959E-007	5.754E-004	    189.859
 2.350	 -254.11	  1.969E-007	5.817E-004	    189.859
 2.400	 -254.04	  1.987E-007	5.921E-004	    189.862
 2.450	 -254.00	  1.995E-007	5.968E-004	    189.868
 2.500	 -253.86	  2.027E-007	6.161E-004	    189.876
 2.550	 -253.77	  2.048E-007	6.294E-004	    189.888
 2.600	 -253.68	  2.069E-007	6.421E-004	    189.902
 2.650	 -253.76	  2.050E-007	6.304E-004	    189.919
 2.700	 -253.79	  2.043E-007	6.263E-004	    189.939
 2.750	 -253.83	  2.035E-007	6.213E-004	    189.961
 2.800	 -253.81	  2.039E-007	6.235E-004	    189.986
 2.850	 -253.82	  2.037E-007	6.224E-004	    190.013
 2.900	 -253.80	  2.041E-007	6.249E-004	    190.043
 2.950	 -253.78	  2.047E-007	6.287E-004	    190.075
 3.000	 -253.69	  2.069E-007	6.419E-004	    190.110
 3.050	 -253.66	  2.074E-007	6.454E-004	    190.147
 3.100	 -253.58	  2.093E-007	6.573E-004	    190.187
 3.150	 -253.57	  2.098E-007	6.599E-004	    190.229
 3.200	 -253.71	  2.063E-007	6.382E-004	    190.274
 3.250	 -253.81	  2.040E-007	6.245E-004	    190.321
 3.300	 -253.86	  2.028E-007	6.171E-004	    190.370
 3.350	 -253.92	  2.014E-007	6.082E-004	    190.421
 3.400	 -253.89	  2.020E-007	6.122E-004	    190.475
 3.450	 -253.86	  2.027E-007	6.163E-004	    190.531
 3.500	 -253.81	  2.040E-007	6.244E-004	    190.589
 3.550	 -253.73	  2.059E-007	6.360E-004	    190.649
 3.600	 -253.69	  2.068E-007	6.415E-004	    190.712
 3.650	 -253.58	  2.093E-007	6.571E-004	    190.776
 3.700	 -253.50	  2.114E-007	6.704E-004	    190.843
 3.750	 -253.43	  2.131E-007	6.810E-004	    190.912
 3.800	 -253.29	  2.165E-007	7.032E-004	    190.982
 3.850	 -253.20	  2.188E-007	7.179E-004	    191.055
 3.900	 -253.17	  2.196E-007	7.236E-004	    191.130
 3.950	 -253.11	  2.212E-007	7.338E-004	    191.206
 4.000	 -253.07	  2.222E-007	7.404E-004	    191.285
 4.050	 -253.01	  2.236E-007	7.499E-004	    191.366
 4.100	 -252.97	  2.246E-007	7.566E-004	    191.448
 4.150	 -253.08	  2.217E-007	7.375E-004	    191.532
 4.200	 -253.21	  2.186E-007	7.171E-004	    191.618
 4.250	 -253.35	  2.150E-007	6.933E-004	    191.706
 4.300	 -253.61	  2.088E-007	6.537E-004	    191.796
 4.350	 -253.66	  2.075E-007	6.456E-004	    191.888
 4.400	 -253.67	  2.073E-007	6.444E-004	    191.981
 4.450	 -253.62	  2.084E-007	6.513E-004	    192.076
 4.500	 -253.55	  2.102E-007	6.630E-004	    192.173
 4.550	 -253.52	  2.109E-007	6.673E-004	    192.272
 4.600	 -253.50	  2.113E-007	6.700E-004	    192.372
 4.650	 -253.45	  2.125E-007	6.772E-004	    192.474
 4.700	 -253.41	  2.135E-007	6.838E-004	    192.577
 4.750	 -253.30	  2.163E-007	7.015E-004	    192.683
 4.800	 -253.21	  2.186E-007	7.170E-004	    192.789
 4.850	 -253.24	  2.177E-007	7.108E-004	    192.898
 4.900	 -253.18	  2.194E-007	7.220E-004	    193.008
 4.950	 -253.11	  2.211E-007	7.331E-004	    193.119
 5.000	 -253.01	  2.236E-007	7.501E-004	    193.232
 5.050	 -252.95	  2.252E-007	7.609E-004	    193.347
 5.100	 -252.95	  2.252E-007	7.608E-004	    193.463
 5.150	 -252.87	  2.271E-007	7.738E-004	    193.581
 5.200	 -252.90	  2.266E-007	7.700E-004	    193.700
 5.250	 -252.83	  2.284E-007	7.822E-004	    193.821
 5.300	 -252.79	  2.294E-007	7.897E-004	    193.943
 5.350	 -252.78	  2.296E-007	7.905E-004	    194.066
 5.400	 -252.79	  2.294E-007	7.894E-004	    194.191
 5.450	 -252.79	  2.294E-007	7.895E-004	    194.318
 5.500	 -252.76	  2.302E-007	7.950E-004	    194.445
 5.550	 -252.75	  2.303E-007	7.955E-004	    194.574
 5.600	 -252.67	  2.325E-007	8.105E-004	    194.705
 5.650	 -252.56	  2.356E-007	8.329E-004	    194.837
 5.700	 -252.49	  2.374E-007	8.450E-004	    194.970
 5.750	 -252.51	  2.368E-007	8.412E-004	    195.105
 5.800	 -252.50	  2.372E-007	8.437E-004	    195.241
 5.850	 -252.45	  2.386E-007	8.536E-004	    195.378
 5.900	 -252.47	  2.380E-007	8.493E-004	    195.517
 5.950	 -252.46	  2.381E-007	8.504E-004	    195.657
 6.000	 -252.52	  2.366E-007	8.400E-004	    195.798
 6.050	 -252.58	  2.350E-007	8.284E-004	    195.940
 6.100	 -252.67	  2.325E-007	8.106E-004	    196.084
 6.150	 -252.65	  2.331E-007	8.149E-004	    196.229
 6.200	 -252.59	  2.348E-007	8.271E-004	    196.376
 6.250	 -252.64	  2.333E-007	8.164E-004	    196.523
 6.300	 -252.65	  2.332E-007	8.157E-004	    196.672
 6.350	 -252.62	  2.338E-007	8.196E-004	    196.822
 6.400	 -252.63	  2.336E-007	8.186E-004	    196.973
 6.450	 -252.58	  2.349E-007	8.277E-004	    197.126
 6.500	 -252.56	  2.355E-007	8.317E-004	    197.280
 6.550	 -252.63	  2.337E-007	8.189E-004	    197.435
 6.600	 -252.51	  2.370E-007	8.424E-004	    197.591
 6.650	 -252.45	  2.385E-007	8.532E-004	    197.748
 6.700	 -252.40	  2.398E-007	8.628E-004	    197.907
 6.750	 -252.34	  2.416E-007	8.759E-004	    198.067
 6.800	 -252.31	  2.423E-007	8.809E-004	    198.228
 6.850	 -252.30	  2.425E-007	8.823E-004	    198.390
 6.900	 -252.36	  2.409E-007	8.708E-004	    198.553
 6.950	 -252.36	  2.409E-007	8.704E-004	    198.718
 7.000	 -252.30	  2.427E-007	8.836E-004	    198.884
 7.050	 -252.24	  2.443E-007	8.950E-004	    199.051
 7.100	 -252.23	  2.445E-007	8.968E-004	    199.219
 7.150	 -252.27	  2.436E-007	8.904E-004	    199.388
 7.200	 -252.31	  2.424E-007	8.816E-004	    199.559
 7.250	 -252.25	  2.439E-007	8.926E-004	    199.731
 7.300	 -252.18	  2.461E-007	9.087E-004	    199.903
 7.350	 -252.24	  2.444E-007	8.959E-004	    200.078
 7.400	 -252.22	  2.449E-007	8.993E-004	    200.253
 7.450	 -252.18	  2.461E-007	9.087E-004	    200.429
 7.500	 -252.11	  2.480E-007	9.224E-004	    200.607
 7.550	 -252.09	  2.487E-007	9.275E-004	    200.786
 7.600	 -252.12	  2.477E-007	9.200E-004	    200.966
 7.650	 -252.13	  2.474E-007	9.180E-004	    201.147
 7.700	 -252.16	  2.466E-007	9.122E-004	    201.329
 7.750	 -252.14	  2.473E-007	9.174E-004	    201.513
 7.800	 -252.13	  2.475E-007	9.189E-004	    201.698
 7.850	 -252.20	  2.455E-007	9.042E-004	    201.884
 7.900	 -252.22	  2.450E-007	9.006E-004	    202.071
 7.950	 -252.13	  2.475E-007	9.189E-004	    202.260
 8.000	 -252.12	  2.477E-007	9.204E-004	    202.449
 8.050	 -252.08	  2.489E-007	9.292E-004	    202.640
 8.100	 -251.97	  2.520E-007	9.529E-004	    202.833
 8.150	 -251.92	  2.535E-007	9.642E-004	    203.026
 8.200	 -251.88	  2.546E-007	9.727E-004	    203.221
 8.250	 -251.83	  2.562E-007	9.849E-004	    203.417
 8.300	 -251.81	  2.566E-007	9.879E-004	    203.614
 8.350	 -251.78	  2.576E-007	9.952E-004	    203.812
 8.400	 -251.79	  2.574E-007	9.938E-004	    204.012
 8.450	 -251.85	  2.555E-007	9.792E-004	    204.213
 8.500	 -251.90	  2.542E-007	9.693E-004	    204.415
 8.550	 -251.88	  2.548E-007	9.739E-004	    204.619
 8.600	 -251.81	  2.568E-007	9.894E-004	    204.824
 8.650	 -251.77	  2.579E-007	9.977E-004	    205.030
 8.700	 -251.80	  2.569E-007	9.902E-004	    205.238
 8.750	 -251.83	  2.562E-007	9.843E-004	    205.446
 8.800	 -251.81	  2.566E-007	9.879E-004	    205.657
 8.850	 -251.81	  2.567E-007	9.884E-004	    205.868
 8.900	 -251.85	  2.556E-007	9.802E-004	    206.081
 8.950	 -251.92	  2.534E-007	9.630E-004	    206.296
 9.000	 -251.91	  2.537E-007	9.658E-004	    206.512
 9.050	 -251.86	  2.553E-007	9.777E-004	    206.729
 9.100	 -251.93	  2.532E-007	9.620E-004	    206.948
 9.150	 -251.95	  2.528E-007	9.583E-004	    207.168
 9.200	 -251.91	  2.537E-007	9.658E-004	    207.389
 9.250	 -251.98	  2.518E-007	9.508E-004	    207.612
 9.300	 -252.03	  2.505E-007	9.409E-004	    207.837
 9.350	 -252.03	  2.503E-007	9.398E-004	    208.063
 9.400	 -252.05	  2.496E-007	9.346E-004	    208.290
 9.450	 -252.08	  2.488E-007	9.285E-004	    208.519
 9.500	 -252.17	  2.464E-007	9.104E-004	    208.750
 9.550	 -252.22	  2.448E-007	8.991E-004	    208.982
 9.600	 -252.20	  2.456E-007	9.044E-004	    209.216
 9.650	 -252.23	  2.445E-007	8.967E-004	    209.451
 9.700	 -252.29	  2.430E-007	8.859E-004	    209.688
 9.750	 -252.27	  2.436E-007	8.902E-004	    209.927
 9.800	 -252.27	  2.436E-007	8.902E-004	    210.167
 9.850	 -252.22	  2.448E-007	8.988E-004	    210.409
 9.900	 -252.19	  2.457E-007	9.055E-004	    210.652
 9.950	 -252.22	  2.449E-007	8.994E-004	    210.898
10.000	 -252.18	  2.461E-007	9.086E-004	    211.145
10.050	 -252.17	  2.464E-007	9.107E-004	    211.393
10.100	 -252.21	  2.452E-007	9.017E-004	    211.644
10.150	 -252.32	  2.422E-007	8.797E-004	    211.896
10.200	 -252.43	  2.391E-007	8.576E-004	    212.150
10.250	 -252.43	  2.390E-007	8.566E-004	    212.406
10.300	 -252.51	  2.370E-007	8.423E-004	    212.664
10.350	 -252.55	  2.358E-007	8.338E-004	    212.924
10.400	 -252.45	  2.384E-007	8.525E-004	    213.185
10.450	 -252.43	  2.391E-007	8.573E-004	    213.449
10.500	 -252.49	  2.373E-007	8.449E-004	    213.714
10.550	 -252.49	  2.374E-007	8.454E-004	    213.981
10.600	 -252.57	  2.352E-007	8.297E-004	    214.251
10.650	 -252.58	  2.349E-007	8.279E-004	    214.522
10.700	 -252.69	  2.321E-007	8.080E-004	    214.795
10.750	 -252.69	  2.320E-007	8.076E-004	    215.071
10.800	 -252.64	  2.333E-007	8.165E-004	    215.348
10.850	 -252.62	  2.339E-007	8.205E-004	    215.628
10.900	 -252.68	  2.322E-007	8.087E-004	    215.910
10.950	 -252.79	  2.294E-007	7.892E-004	    216.194
11.000	 -252.86	  2.276E-007	7.770E-004	    216.480
11.050	 -252.79	  2.294E-007	7.893E-004	    216.768
11.100	 -252.82	  2.284E-007	7.827E-004	    217.059
11.150	 -252.96	  2.249E-007	7.589E-004	    217.351
11.200	 -253.06	  2.223E-007	7.414E-004	    217.647
11.250	 -253.02	  2.233E-007	7.480E-004	    217.944
11.300	 -253.04	  2.229E-007	7.450E-004	    218.244
11.350	 -253.00	  2.239E-007	7.519E-004	    218.546
11.400	 -253.16	  2.197E-007	7.238E-004	    218.851
11.450	 -253.18	  2.194E-007	7.219E-004	    219.158
11.500	 -253.22	  2.183E-007	7.149E-004	    219.468
11.550	 -253.44	  2.127E-007	6.789E-004	    219.780
11.600	 -253.56	  2.099E-007	6.609E-004	    220.094
11.650	 -253.62	  2.083E-007	6.511E-004	    220.411
11.700	 -253.65	  2.078E-007	6.476E-004	    220.731
11.750	 -253.57	  2.096E-007	6.587E-004	    221.053
11.800	 -253.53	  2.107E-007	6.661E-004	    221.378
11.850	 -253.51	  2.110E-007	6.680E-004	    221.706
11.900	 -253.52	  2.108E-007	6.668E-004	    222.037
11.950	 -253.58	  2.095E-007	6.583E-004	    222.370
12.000	 -253.62	  2.084E-007	6.515E-004	    222.706
12.050	 -253.78	  2.047E-007	6.286E-004	    223.045
12.100	 -253.79	  2.045E-007	6.272E-004	    223.387
12.150	 -253.87	  2.026E-007	6.158E-004	    223.731
12.200	 -253.96	  2.005E-007	6.032E-004	    224.079
12.250	 -254.01	  1.994E-007	5.962E-004	    224.429
12.300	 -254.13	  1.966E-007	5.795E-004	    224.783
12.350	 -254.28	  1.932E-007	5.601E-004	    225.140
12.400	 -254.31	  1.925E-007	5.559E-004	    225.499
12.450	 -254.41	  1.903E-007	5.433E-004	    225.862
12.500	 -254.35	  1.916E-007	5.507E-004	    226.228
12.550	 -254.31	  1.925E-007	5.559E-004	    226.597
12.600	 -254.40	  1.906E-007	5.451E-004	    226.969
12.650	 -254.42	  1.901E-007	5.421E-004	    227.345
12.700	 -254.52	  1.880E-007	5.302E-004	    227.724
12.750	 -254.69	  1.843E-007	5.096E-004	    228.106
12.800	 -254.72	  1.836E-007	5.059E-004	    228.492
12.850	 -254.71	  1.838E-007	5.070E-004	    228.881
12.900	 -254.85	  1.808E-007	4.906E-004	    229.274
12.950	 -254.81	  1.817E-007	4.954E-004	    229.670
13.000	 -254.65	  1.851E-007	5.140E-004	    230.069
13.050	 -254.82	  1.815E-007	4.941E-004	    230.473
13.100	 -254.99	  1.780E-007	4.754E-004	    230.880
13.150	 -254.98	  1.783E-007	4.769E-004	    231.290
13.200	 -255.10	  1.758E-007	4.638E-004	    231.704
13.250	 -255.25	  1.728E-007	4.479E-004	    232.122
13.300	 -255.26	  1.726E-007	4.468E-004	    232.544
13.350	 -255.25	  1.727E-007	4.474E-004	    232.970
13.400	 -255.25	  1.727E-007	4.475E-004	    233.399
13.450	 -255.27	  1.724E-007	4.456E-004	    233.833
13.500	 -255.35	  1.709E-007	4.380E-004	    234.270
13.550	 -255.48	  1.683E-007	4.250E-004	    234.712
13.600	 -255.65	  1.650E-007	4.085E-004	    235.157
13.650	 -255.69	  1.642E-007	4.043E-004	    235.607
13.700	 -255.86	  1.611E-007	3.894E-004	    236.061
13.750	 -256.10	  1.567E-007	3.685E-004	    236.519
13.800	 -256.19	  1.551E-007	3.607E-004	    236.981
13.850	 -256.10	  1.566E-007	3.680E-004	    237.447
13.900	 -256.17	  1.553E-007	3.619E-004	    237.918
13.950	 -256.24	  1.542E-007	3.569E-004	    238.394
14.000	 -256.29	  1.532E-007	3.522E-004	    238.873
14.050	 -256.29	  1.532E-007	3.521E-004	    239.358
14.100	 -256.23	  1.543E-007	3.571E-004	    239.846
14.150	 -256.28	  1.534E-007	3.530E-004	    240.340
14.200	 -256.41	  1.512E-007	3.430E-004	    240.838
14.250	 -256.43	  1.509E-007	3.416E-004	    241.341
14.300	 -256.39	  1.516E-007	3.446E-004	    241.848
14.350	 -256.47	  1.501E-007	3.380E-004	    242.360
14.400	 -256.57	  1.484E-007	3.304E-004	    242.877
14.450	 -256.59	  1.480E-007	3.286E-004	    243.399
14.500	 -256.71	  1.461E-007	3.200E-004	    243.926
14.550	 -256.79	  1.448E-007	3.144E-004	    244.458
14.600	 -256.89	  1.430E-007	3.069E-004	    244.995
14.650	 -257.07	  1.401E-007	2.944E-004	    245.537
14.700	 -257.18	  1.384E-007	2.872E-004	    246.084
14.750	 -257.20	  1.380E-007	2.855E-004	    246.637
14.800	 -257.16	  1.387E-007	2.887E-004	    247.194
14.850	 -257.22	  1.378E-007	2.848E-004	    247.757
14.900	 -257.34	  1.358E-007	2.768E-004	    248.325
14.950	 -257.40	  1.350E-007	2.732E-004	    248.899
15.000	 -257.47	  1.338E-007	2.686E-004	    249.478
15.050	 -257.46	  1.340E-007	2.692E-004	    250.063
15.100	 -257.49	  1.336E-007	2.676E-004	    250.653
15.150	 -257.55	  1.325E-007	2.635E-004	    251.249
15.200	 -257.54	  1.328E-007	2.644E-004	    251.851
15.250	 -257.60	  1.319E-007	2.610E-004	    252.458
15.300	 -257.69	  1.305E-007	2.553E-004	    253.072
15.350	 -257.65	  1.310E-007	2.574E-004	    253.690
15.400	 -257.58	  1.322E-007	2.620E-004	    254.315
15.450	 -257.66	  1.310E-007	2.574E-004	    254.946
15.500	 -257.58	  1.321E-007	2.617E-004	    255.583
15.550	 -257.66	  1.309E-007	2.570E-004	    256.227
15.600	 -257.49	  1.335E-007	2.674E-004	    256.876
15.650	 -257.55	  1.325E-007	2.634E-004	    257.532
15.700	 -257.65	  1.311E-007	2.578E-004	    258.194
15.750	 -257.61	  1.316E-007	2.598E-004	    258.863
15.800	 -257.68	  1.306E-007	2.559E-004	    259.538
15.850	 -257.87	  1.278E-007	2.449E-004	    260.219
15.900	 -258.18	  1.233E-007	2.282E-004	    260.907
15.950	 -258.13	  1.240E-007	2.306E-004	    261.601
16.000	 -257.97	  1.263E-007	2.391E-004	    262.302
16.050	 -257.99	  1.261E-007	2.384E-004	    263.010
16.100	 -258.07	  1.249E-007	2.338E-004	    263.725
16.150	 -258.13	  1.241E-007	2.309E-004	    264.446
16.200	 -258.21	  1.228E-007	2.264E-004	    265.174
16.250	 -258.38	  1.206E-007	2.180E-004	    265.909
16.300	 -258.43	  1.198E-007	2.152E-004	    266.652
16.350	 -258.43	  1.198E-007	2.154E-004	    267.401
16.400	 -258.53	  1.184E-007	2.104E-004	    268.158
16.450	 -258.62	  1.172E-007	2.062E-004	    268.922
16.500	 -258.73	  1.157E-007	2.008E-004	    269.693
16.550	 -258.67	  1.166E-007	2.039E-004	    270.471
16.600	 -258.74	  1.156E-007	2.005E-004	    271.257
16.650	 -258.80	  1.148E-007	1.977E-004	    272.050
16.700	 -258.92	  1.133E-007	1.924E-004	    272.851
16.750	 -258.98	  1.125E-007	1.898E-004	    273.659
16.800	 -259.29	  1.085E-007	1.767E-004	    274.476
16.850	 -259.29	  1.086E-007	1.768E-004	    275.299
16.900	 -259.30	  1.084E-007	1.761E-004	    276.131
16.950	 -259.40	  1.072E-007	1.723E-004	    276.971
17.000	 -259.42	  1.070E-007	1.716E-004	    277.819
17.050	 -259.31	  1.082E-007	1.757E-004	    278.675
17.100	 -259.24	  1.092E-007	1.789E-004	    279.539
17.150	 -259.24	  1.092E-007	1.788E-004	    280.412
17.200	 -259.19	  1.098E-007	1.809E-004	    281.293
17.250	 -259.23	  1.092E-007	1.789E-004	    282.182
17.300	 -259.26	  1.089E-007	1.780E-004	    283.079
17.350	 -259.27	  1.088E-007	1.775E-004	    283.985
17.400	 -259.27	  1.088E-007	1.774E-004	    284.899
17.450	 -259.25	  1.090E-007	1.782E-004	    285.822
17.500	 -259.31	  1.083E-007	1.760E-004	    286.754
17.550	 -259.43	  1.068E-007	1.711E-004	    287.695
17.600	 -259.62	  1.045E-007	1.637E-004	    288.644
17.650	 -259.77	  1.027E-007	1.583E-004	    289.602
17.700	 -259.75	  1.029E-007	1.589E-004	    290.569
17.750	 -259.54	  1.054E-007	1.667E-004	    291.545
17.800	 -259.35	  1.078E-007	1.742E-004	    292.530
17.850	 -259.35	  1.077E-007	1.740E-004	    293.525
17.900	 -259.45	  1.065E-007	1.701E-004	    294.528
17.950	 -259.42	  1.069E-007	1.714E-004	    295.541
18.000	 -259.51	  1.058E-007	1.681E-004	    296.563
18.050	 -259.44	  1.067E-007	1.706E-004	    297.596
18.100	 -259.57	  1.051E-007	1.656E-004	    298.638
18.150	 -259.75	  1.030E-007	1.590E-004	    299.689
18.200	 -259.81	  1.022E-007	1.567E-004	    300.751
18.250	 -259.86	  1.016E-007	1.548E-004	    301.822
18.300	 -260.12	  9.862E-008	1.459E-004	    302.904
18.350	 -260.27	  9.694E-008	1.410E-004	    303.995
18.400	 -260.07	  9.923E-008	1.477E-004	    305.097
18.450	 -259.92	  1.009E-007	1.528E-004	    306.208
18.500	 -259.94	  1.006E-007	1.519E-004	    307.330
18.550	 -260.02	  9.979E-008	1.494E-004	    308.462
18.600	 -259.96	  1.005E-007	1.515E-004	    309.604
18.650	 -259.90	  1.012E-007	1.535E-004	    310.757
18.700	 -259.88	  1.014E-007	1.543E-004	    311.920
18.750	 -259.82	  1.021E-007	1.563E-004	    313.093
18.800	 -259.98	  1.002E-007	1.505E-004	    314.278
18.850	 -260.13	  9.854E-008	1.456E-004	    315.473
18.900	 -260.25	  9.714E-008	1.416E-004	    316.679
18.950	 -260.23	  9.734E-008	1.421E-004	    317.896
19.000	 -260.20	  9.773E-008	1.433E-004	    319.125
19.050	 -260.05	  9.941E-008	1.482E-004	    320.365
19.100	 -260.02	  9.982E-008	1.494E-004	    321.616
19.150	 -260.17	  9.805E-008	1.442E-004	    322.879
19.200	 -260.10	  9.891E-008	1.467E-004	    324.152
19.250	 -260.07	  9.919E-008	1.476E-004	    325.438
19.300	 -260.18	  9.791E-008	1.438E-004	    326.735
19.350	 -260.29	  9.673E-008	1.403E-004	    328.043
19.400	 -260.29	  9.674E-008	1.404E-004	    329.363
19.450	 -260.25	  9.713E-008	1.415E-004	    330.695
19.500	 -260.24	  9.732E-008	1.421E-004	    332.039
19.550	 -260.30	  9.660E-008	1.400E-004	    333.394
19.600	 -260.44	  9.504E-008	1.355E-004	    334.762
19.650	 -260.38	  9.574E-008	1.375E-004	    336.142
19.700	 -260.19	  9.786E-008	1.437E-004	    337.534
19.750	 -260.19	  9.785E-008	1.436E-004	    338.938
19.800	 -260.23	  9.744E-008	1.424E-004	    340.356
19.850	 -260.17	  9.802E-008	1.441E-004	    341.785
19.900	 -260.18	  9.797E-008	1.440E-004	    342.377
19.950	 -260.20	  9.772E-008	1.432E-004	    342.769
20.000	 -260.22	  9.747E-008	1.425E-004	    343.161
